2026-07-06T12:12:420.572Z,0.349102,Logger,INFO Logger initialized
2026-07-06T12:12:420.879Z,0.656192,Outgoing:sendjoints,INFO Instance: sendjoints (RemoteEvent)
	Path: game:GetService("ReplicatedStorage"):WaitForChild("Logic"):WaitForChild("sendjoints")
	Status: Allowed
	Call Order In Log: 1
	-------------------- Event Data --------------------
	{
    CallOrderInLog = 1,
    DataFromHook = {
        Function = function(arg1)
            -- Name: Anonymous Function | Line: 2697
            -- Upvalues: 2
            -- Function Hash: b8155499e8d862545fa1afe87ae4d1e296160d90a831d42b369cc037156a4a7ac1f0c552a3e5fe47a740c9953cec9d53
            -- LuaEncode: Unable to serialize function
            return
        end,
        Arguments = {
            {
                CFrame.new(0, 0, 0, -1, 1.6815581571898e-44, 0, 0, -2.9802322387695e-06, 0.99999994039536, 1.6815581571898e-44, 0.99999994039536, 3.0398368835449e-06),
                CFrame.new(0, 1, 0, -1, -1.7765560588805e-36, 1.5080787525529e-37, 1.5080249426919e-37, 3.0398368835449e-06, 0.99999994039536, -1.7765564176129e-36, 0.99999994039536, -2.9802322387695e-06),
                CFrame.new(-1, 0.5, 0, 1.370906829834e-06, 3.1752627650516e-25, -1.0000001192093, -1.1088524706626e-26, 1, 3.1752627650516e-25, 1.0000001192093, 1.1088043994512e-26, 1.370906829834e-06),
                CFrame.new(1.0000004768372, 0.50000023841858, 2.7789842647986e-37, -2.0265579223633e-06, -3.1754816739528e-25, 1.0000001192093, -1.1089350545386e-26, 1, 3.1754814274338e-25, -1.0000001192093, -1.1088771225659e-26, -2.0265579223633e-06),
                CFrame.new(-1, -0.99999976158142, -9.4066091617463e-25, -2.0265579223633e-06, 4.9106320179072e-26, -1.0000001192093, -3.6120866027087e-25, 1, 4.9106998106412e-26, 1.0000001192093, 3.6120875887848e-25, -2.0265579223633e-06),
                CFrame.new(1, -1, 0, -1.1920928955078e-07, 0, 1.0000001192093, -1.9374585548714e-24, 1, 0, -1.0000001192093, -1.9374585548714e-24, -1.1920928955078e-07)
            },
            n = 1
        },
        Source = "Players.tinhpro458.Backpack.Baoh",
        Origin = game:GetService("Players").LocalPlayer:WaitForChild("Backpack"):WaitForChild("Baoh"),
        IsExecutor = false,
        CreationTime = 1783365161.8748,
        Line = 2702
    },
    EventType = "Outgoing",
    RemoteInstanceInfo = {
        Path = "game:GetService(\"ReplicatedStorage\"):WaitForChild(\"Logic\"):WaitForChild(\"sendjoints\")",
        Name = "sendjoints",
        ClassName = "RemoteEvent"
    }
}
	-------------------- Generated Code --------------------
	local Event = game:GetService("ReplicatedStorage"):WaitForChild("Logic"):WaitForChild("sendjoints")
Event:FireServer(
    {
        CFrame.new(0, 0, 0, -1, 1.6815581571898e-44, 0, 0, -2.9802322387695e-06, 0.99999994039536, 1.6815581571898e-44, 0.99999994039536, 3.0398368835449e-06),
        CFrame.new(0, 1, 0, -1, -1.7765560588805e-36, 1.5080787525529e-37, 1.5080249426919e-37, 3.0398368835449e-06, 0.99999994039536, -1.7765564176129e-36, 0.99999994039536, -2.9802322387695e-06),
        CFrame.new(-1, 0.5, 0, 1.370906829834e-06, 3.1752627650516e-25, -1.0000001192093, -1.1088524706626e-26, 1, 3.1752627650516e-25, 1.0000001192093, 1.1088043994512e-26, 1.370906829834e-06),
        CFrame.new(1.0000004768372, 0.50000023841858, 2.7789842647986e-37, -2.0265579223633e-06, -3.1754816739528e-25, 1.0000001192093, -1.1089350545386e-26, 1, 3.1754814274338e-25, -1.0000001192093, -1.1088771225659e-26, -2.0265579223633e-06),
        CFrame.new(-1, -0.99999976158142, -9.4066091617463e-25, -2.0265579223633e-06, 4.9106320179072e-26, -1.0000001192093, -3.6120866027087e-25, 1, 4.9106998106412e-26, 1.0000001192093, 3.6120875887848e-25, -2.0265579223633e-06),
        CFrame.new(1, -1, 0, -1.1920928955078e-07, 0, 1.0000001192093, -1.9374585548714e-24, 1, 0, -1.0000001192093, -1.9374585548714e-24, -1.1920928955078e-07)
    }
)
2026-07-06T12:12:420.883Z,0.660748,Outgoing:sendjoints,INFO Instance: sendjoints (RemoteEvent)
	Path: game:GetService("ReplicatedStorage"):WaitForChild("Logic"):WaitForChild("sendjoints")
	Status: Allowed
	Call Order In Log: 2
	-------------------- Event Data --------------------
	{
    CallOrderInLog = 2,
    DataFromHook = {
        Function = function(arg1)
            -- Name: Anonymous Function | Line: 2697
            -- Upvalues: 2
            -- Function Hash: b8155499e8d862545fa1afe87ae4d1e296160d90a831d42b369cc037156a4a7ac1f0c552a3e5fe47a740c9953cec9d53
            -- LuaEncode: Unable to serialize function
            return
        end,
        Arguments = {
            {
                CFrame.new(0, 0, 0, -1, 1.6815581571898e-44, 0, 0, -2.9802322387695e-06, 0.99999994039536, 1.6815581571898e-44, 0.99999994039536, 3.0398368835449e-06),
                CFrame.new(0, 1, 0, -1, -1.0490383075424e-36, 8.9050521958829e-38, 8.9047293367167e-38, 3.0398368835449e-06, 0.99999994039536, -1.0490386662748e-36, 0.99999994039536, -2.9802322387695e-06),
                CFrame.new(-1, 0.5, 0, 1.370906829834e-06, 1.8749609017438e-25, -0.99999994039536, -6.5476133060684e-27, 1, 1.8749609017438e-25, 0.99999994039536, 6.5473667870356e-27, 1.370906829834e-06),
                CFrame.new(1.0000004768372, 0.50000023841858, 1.6409624285744e-37, -2.0265579223633e-06, -1.8750922963883e-25, 1.0000001192093, -6.5481556479408e-27, 1, 1.8750920498693e-25, -1.0000001192093, -6.5478105212947e-27, -2.0265579223633e-06),
                CFrame.new(-1, -0.99999976158142, -5.5545086703957e-25, -2.0265579223633e-06, 2.8996788916743e-26, -1.0000001192093, -2.1329033800901e-25, 1, 2.8997177184219e-26, 1.0000001192093, 2.1329041196472e-25, -2.0265579223633e-06),
                CFrame.new(1, -1, 0, -1.1920928955078e-07, -9.8607613152626e-32, 0.99999994039536, -1.1440504581774e-24, 1, -9.8607613152626e-32, -0.99999994039536, -1.1440504581774e-24, -1.1920928955078e-07)
            },
            n = 1
        },
        Source = "Players.tinhpro458.Backpack.Baoh",
        Origin = game:GetService("Players").LocalPlayer:WaitForChild("Backpack"):WaitForChild("Baoh"),
        IsExecutor = false,
        CreationTime = 1783365161.8815,
        Line = 2702
    },
    EventType = "Outgoing",
    RemoteInstanceInfo = {
        Path = "game:GetService(\"ReplicatedStorage\"):WaitForChild(\"Logic\"):WaitForChild(\"sendjoints\")",
        Name = "sendjoints",
        ClassName = "RemoteEvent"
    }
}
	-------------------- Generated Code --------------------
	local Event = game:GetService("ReplicatedStorage"):WaitForChild("Logic"):WaitForChild("sendjoints")
Event:FireServer(
    {
        CFrame.new(0, 0, 0, -1, 1.6815581571898e-44, 0, 0, -2.9802322387695e-06, 0.99999994039536, 1.6815581571898e-44, 0.99999994039536, 3.0398368835449e-06),
        CFrame.new(0, 1, 0, -1, -1.0490383075424e-36, 8.9050521958829e-38, 8.9047293367167e-38, 3.0398368835449e-06, 0.99999994039536, -1.0490386662748e-36, 0.99999994039536, -2.9802322387695e-06),
        CFrame.new(-1, 0.5, 0, 1.370906829834e-06, 1.8749609017438e-25, -0.99999994039536, -6.5476133060684e-27, 1, 1.8749609017438e-25, 0.99999994039536, 6.5473667870356e-27, 1.370906829834e-06),
        CFrame.new(1.0000004768372, 0.50000023841858, 1.6409624285744e-37, -2.0265579223633e-06, -1.8750922963883e-25, 1.0000001192093, -6.5481556479408e-27, 1, 1.8750920498693e-25, -1.0000001192093, -6.5478105212947e-27, -2.0265579223633e-06),
        CFrame.new(-1, -0.99999976158142, -5.5545086703957e-25, -2.0265579223633e-06, 2.8996788916743e-26, -1.0000001192093, -2.1329033800901e-25, 1, 2.8997177184219e-26, 1.0000001192093, 2.1329041196472e-25, -2.0265579223633e-06),
        CFrame.new(1, -1, 0, -1.1920928955078e-07, -9.8607613152626e-32, 0.99999994039536, -1.1440504581774e-24, 1, -9.8607613152626e-32, -0.99999994039536, -1.1440504581774e-24, -1.1920928955078e-07)
    }
)
2026-07-06T12:12:420.888Z,0.665549,Outgoing:sendjoints,INFO Instance: sendjoints (RemoteEvent)
	Path: game:GetService("ReplicatedStorage"):WaitForChild("Logic"):WaitForChild("sendjoints")
	Status: Allowed
	Call Order In Log: 3
	-------------------- Event Data --------------------
	{
    CallOrderInLog = 3,
    DataFromHook = {
        Function = function(arg1)
            -- Name: Anonymous Function | Line: 2697
            -- Upvalues: 2
            -- Function Hash: b8155499e8d862545fa1afe87ae4d1e296160d90a831d42b369cc037156a4a7ac1f0c552a3e5fe47a740c9953cec9d53
            -- LuaEncode: Unable to serialize function
            return
        end,
        Arguments = {
            {
                CFrame.new(0, 0, 0, -1, 1.6815581571898e-44, 0, 0, -2.9802322387695e-06, 0.99999994039536, 1.6815581571898e-44, 0.99999994039536, 3.0398368835449e-06),
                CFrame.new(0, 1, 0, -1, -6.1944656454396e-37, 5.2583444614096e-38, 5.2581583689735e-38, 3.0398368835449e-06, 0.99999994039536, -6.1944669906861e-37, 0.99999994039536, -2.9802322387695e-06),
                CFrame.new(-1, 0.5, 0, 1.370906829834e-06, 1.1071459426575e-25, -1.0000001192093, -3.866318230053e-27, 1, 1.1071459426575e-25, 1.0000001192093, 3.86614566673e-27, 1.370906829834e-06),
                CFrame.new(1.0000004768372, 0.50000023841858, 9.6897187998111e-38, -2.0265579223633e-06, -1.1072244589695e-25, 1.0000001192093, -3.8666202158683e-27, 1, 1.1072244589695e-25, -1.0000001192093, -3.8664168376661e-27, -2.0265579223633e-06),
                CFrame.new(-1, -0.99999976158142, -3.2798819913401e-25, -2.0265579223633e-06, 1.7122336881387e-26, -1.0000001192093, -1.2594596992756e-25, 1, 1.7122564911492e-26, 1.0000001192093, 1.2594600690542e-25, -2.0265579223633e-06),
                CFrame.new(1, -1, 0, -1.1920928955078e-07, 0, 1.0000001192093, -6.7555074903591e-25, 1, 0, -1.0000001192093, -6.7555074903591e-25, -1.1920928955078e-07)
            },
            n = 1
        },
        Source = "Players.tinhpro458.Backpack.Baoh",
        Origin = game:GetService("Players").LocalPlayer:WaitForChild("Backpack"):WaitForChild("Baoh"),
        IsExecutor = false,
        CreationTime = 1783365161.8859,
        Line = 2702
    },
    EventType = "Outgoing",
    RemoteInstanceInfo = {
        Path = "game:GetService(\"ReplicatedStorage\"):WaitForChild(\"Logic\"):WaitForChild(\"sendjoints\")",
        Name = "sendjoints",
        ClassName = "RemoteEvent"
    }
}
	-------------------- Generated Code --------------------
	local Event = game:GetService("ReplicatedStorage"):WaitForChild("Logic"):WaitForChild("sendjoints")
Event:FireServer(
    {
        CFrame.new(0, 0, 0, -1, 1.6815581571898e-44, 0, 0, -2.9802322387695e-06, 0.99999994039536, 1.6815581571898e-44, 0.99999994039536, 3.0398368835449e-06),
        CFrame.new(0, 1, 0, -1, -6.1944656454396e-37, 5.2583444614096e-38, 5.2581583689735e-38, 3.0398368835449e-06, 0.99999994039536, -6.1944669906861e-37, 0.99999994039536, -2.9802322387695e-06),
        CFrame.new(-1, 0.5, 0, 1.370906829834e-06, 1.1071459426575e-25, -1.0000001192093, -3.866318230053e-27, 1, 1.1071459426575e-25, 1.0000001192093, 3.86614566673e-27, 1.370906829834e-06),
        CFrame.new(1.0000004768372, 0.50000023841858, 9.6897187998111e-38, -2.0265579223633e-06, -1.1072244589695e-25, 1.0000001192093, -3.8666202158683e-27, 1, 1.1072244589695e-25, -1.0000001192093, -3.8664168376661e-27, -2.0265579223633e-06),
        CFrame.new(-1, -0.99999976158142, -3.2798819913401e-25, -2.0265579223633e-06, 1.7122336881387e-26, -1.0000001192093, -1.2594596992756e-25, 1, 1.7122564911492e-26, 1.0000001192093, 1.2594600690542e-25, -2.0265579223633e-06),
        CFrame.new(1, -1, 0, -1.1920928955078e-07, 0, 1.0000001192093, -6.7555074903591e-25, 1, 0, -1.0000001192093, -6.7555074903591e-25, -1.1920928955078e-07)
    }
)
2026-07-06T12:12:420.894Z,0.671033,Outgoing:sendjoints,INFO Instance: sendjoints (RemoteEvent)
	Path: game:GetService("ReplicatedStorage"):WaitForChild("Logic"):WaitForChild("sendjoints")
	Status: Allowed
	Call Order In Log: 4
	-------------------- Event Data --------------------
	{
    CallOrderInLog = 4,
    DataFromHook = {
        Function = function(arg1)
            -- Name: Anonymous Function | Line: 2697
            -- Upvalues: 2
            -- Function Hash: b8155499e8d862545fa1afe87ae4d1e296160d90a831d42b369cc037156a4a7ac1f0c552a3e5fe47a740c9953cec9d53
            -- LuaEncode: Unable to serialize function
            return
        end,
        Arguments = {
            {
                CFrame.new(0, 0, 0, -1, 1.6815581571898e-44, 0, 0, -2.9802322387695e-06, 0.99999994039536, 1.6815581571898e-44, 0.99999994039536, 3.0398368835449e-06),
                CFrame.new(0, 1, 0, -1, -3.6577696966546e-37, 3.1050005003672e-38, 3.1048917596064e-38, 3.0398368835449e-06, 0.99999994039536, -3.6577705934856e-37, 0.99999994039536, -2.9802322387695e-06),
                CFrame.new(-1, 0.5, 0, 1.370906829834e-06, 6.5375873770011e-26, -0.99999994039536, -2.2830158450041e-27, 1, 6.5375873770011e-26, 0.99999994039536, 2.2829264818547e-27, 1.370906829834e-06),
                CFrame.new(1.0000004768372, 0.50000023841858, 5.7216821170804e-38, -2.0265579223633e-06, -6.5380557631636e-26, 1.0000001192093, -2.2832007342788e-27, 1, 6.5380557631636e-26, -1.0000001192093, -2.2830805562502e-27, -2.0265579223633e-06),
                CFrame.new(-1, -0.99999976158142, -1.9367375853078e-25, -2.0265579223633e-06, 1.0110583703185e-26, -1.0000001192093, -7.4369917306493e-26, 1, 1.0110722370141e-26, 1.0000001192093, 7.4369935795421e-26, -2.0265579223633e-06),
                CFrame.new(1, -1, 0, -1.1920928955078e-07, -3.6977854932235e-32, 0.99999994039536, -3.989062028677e-25, 1, -3.6977854932235e-32, -0.99999994039536, -3.989062028677e-25, -1.1920928955078e-07)
            },
            n = 1
        },
        Source = "Players.tinhpro458.Backpack.Baoh",
        Origin = game:GetService("Players").LocalPlayer:WaitForChild("Backpack"):WaitForChild("Baoh"),
        IsExecutor = false,
        CreationTime = 1783365161.8913,
        Line = 2702
    },
    EventType = "Outgoing",
    RemoteInstanceInfo = {
        Path = "game:GetService(\"ReplicatedStorage\"):WaitForChild(\"Logic\"):WaitForChild(\"sendjoints\")",
        Name = "sendjoints",
        ClassName = "RemoteEvent"
    }
}
	-------------------- Generated Code --------------------
	local Event = game:GetService("ReplicatedStorage"):WaitForChild("Logic"):WaitForChild("sendjoints")
Event:FireServer(
    {
        CFrame.new(0, 0, 0, -1, 1.6815581571898e-44, 0, 0, -2.9802322387695e-06, 0.99999994039536, 1.6815581571898e-44, 0.99999994039536, 3.0398368835449e-06),
        CFrame.new(0, 1, 0, -1, -3.6577696966546e-37, 3.1050005003672e-38, 3.1048917596064e-38, 3.0398368835449e-06, 0.99999994039536, -3.6577705934856e-37, 0.99999994039536, -2.9802322387695e-06),
        CFrame.new(-1, 0.5, 0, 1.370906829834e-06, 6.5375873770011e-26, -0.99999994039536, -2.2830158450041e-27, 1, 6.5375873770011e-26, 0.99999994039536, 2.2829264818547e-27, 1.370906829834e-06),
        CFrame.new(1.0000004768372, 0.50000023841858, 5.7216821170804e-38, -2.0265579223633e-06, -6.5380557631636e-26, 1.0000001192093, -2.2832007342788e-27, 1, 6.5380557631636e-26, -1.0000001192093, -2.2830805562502e-27, -2.0265579223633e-06),
        CFrame.new(-1, -0.99999976158142, -1.9367375853078e-25, -2.0265579223633e-06, 1.0110583703185e-26, -1.0000001192093, -7.4369917306493e-26, 1, 1.0110722370141e-26, 1.0000001192093, 7.4369935795421e-26, -2.0265579223633e-06),
        CFrame.new(1, -1, 0, -1.1920928955078e-07, -3.6977854932235e-32, 0.99999994039536, -3.989062028677e-25, 1, -3.6977854932235e-32, -0.99999994039536, -3.989062028677e-25, -1.1920928955078e-07)
    }
)
2026-07-06T12:12:420.899Z,0.676414,Outgoing:sendjoints,INFO Instance: sendjoints (RemoteEvent)
	Path: game:GetService("ReplicatedStorage"):WaitForChild("Logic"):WaitForChild("sendjoints")
	Status: Allowed
	Call Order In Log: 5
	-------------------- Event Data --------------------
	{
    CallOrderInLog = 5,
    DataFromHook = {
        Function = function(arg1)
            -- Name: Anonymous Function | Line: 2697
            -- Upvalues: 2
            -- Function Hash: b8155499e8d862545fa1afe87ae4d1e296160d90a831d42b369cc037156a4a7ac1f0c552a3e5fe47a740c9953cec9d53
            -- LuaEncode: Unable to serialize function
            return
        end,
        Arguments = {
            {
                CFrame.new(0, 0, 0, -1, 1.6815581571898e-44, 0, 0, -2.9802322387695e-06, 0.99999994039536, 1.6815581571898e-44, 0.99999994039536, 3.0398368835449e-06),
                CFrame.new(0, 1, 0, -1, -2.1598762539636e-37, 1.8334701211103e-38, 1.8334051008616e-38, 3.0398368835449e-06, 0.99999994039536, -2.1598767023792e-37, 0.99999994039536, -2.9802322387695e-06),
                CFrame.new(-1, 0.5, 0, 1.370906829834e-06, 3.8603817435924e-26, -1.0000001192093, -1.3480924128008e-27, 1, 3.8603814354436e-26, 1.0000001192093, 1.3480338645304e-27, 1.370906829834e-06),
                CFrame.new(1.0000004768372, 0.50000023841858, 3.3785961782553e-38, -2.0265579223633e-06, -3.8606612345459e-26, 1.0000001192093, -1.3482079685974e-27, 1, 3.8606609263971e-26, -1.0000001192093, -1.3481355536315e-27, -2.0265579223633e-06),
                CFrame.new(-1, -0.99999976158142, -1.1436242267696e-25, -2.0265579223633e-06, 5.9702041013016e-27, -1.0000001192093, -4.3914737198663e-26, 1, 5.9702842199873e-27, 1.0000001192093, 4.3914749524615e-26, -2.0265579223633e-06),
                CFrame.new(1, -1, 0, -1.1920928955078e-07, 0, 1.0000001192093, -2.3555029177302e-25, 1, 0, -1.0000001192093, -2.3555029177302e-25, -1.1920928955078e-07)
            },
            n = 1
        },
        Source = "Players.tinhpro458.Backpack.Baoh",
        Origin = game:GetService("Players").LocalPlayer:WaitForChild("Backpack"):WaitForChild("Baoh"),
        IsExecutor = false,
        CreationTime = 1783365161.8965,
        Line = 2702
    },
    EventType = "Outgoing",
    RemoteInstanceInfo = {
        Path = "game:GetService(\"ReplicatedStorage\"):WaitForChild(\"Logic\"):WaitForChild(\"sendjoints\")",
        Name = "sendjoints",
        ClassName = "RemoteEvent"
    }
}
	-------------------- Generated Code --------------------
	local Event = game:GetService("ReplicatedStorage"):WaitForChild("Logic"):WaitForChild("sendjoints")
Event:FireServer(
    {
        CFrame.new(0, 0, 0, -1, 1.6815581571898e-44, 0, 0, -2.9802322387695e-06, 0.99999994039536, 1.6815581571898e-44, 0.99999994039536, 3.0398368835449e-06),
        CFrame.new(0, 1, 0, -1, -2.1598762539636e-37, 1.8334701211103e-38, 1.8334051008616e-38, 3.0398368835449e-06, 0.99999994039536, -2.1598767023792e-37, 0.99999994039536, -2.9802322387695e-06),
        CFrame.new(-1, 0.5, 0, 1.370906829834e-06, 3.8603817435924e-26, -1.0000001192093, -1.3480924128008e-27, 1, 3.8603814354436e-26, 1.0000001192093, 1.3480338645304e-27, 1.370906829834e-06),
        CFrame.new(1.0000004768372, 0.50000023841858, 3.3785961782553e-38, -2.0265579223633e-06, -3.8606612345459e-26, 1.0000001192093, -1.3482079685974e-27, 1, 3.8606609263971e-26, -1.0000001192093, -1.3481355536315e-27, -2.0265579223633e-06),
        CFrame.new(-1, -0.99999976158142, -1.1436242267696e-25, -2.0265579223633e-06, 5.9702041013016e-27, -1.0000001192093, -4.3914737198663e-26, 1, 5.9702842199873e-27, 1.0000001192093, 4.3914749524615e-26, -2.0265579223633e-06),
        CFrame.new(1, -1, 0, -1.1920928955078e-07, 0, 1.0000001192093, -2.3555029177302e-25, 1, 0, -1.0000001192093, -2.3555029177302e-25, -1.1920928955078e-07)
    }
)
2026-07-06T12:12:420.917Z,0.694770,Outgoing:updateMouse,INFO Instance: updateMouse (RemoteEvent)
	Path: game:GetService("ReplicatedStorage"):WaitForChild("Logic"):WaitForChild("updateMouse")
	Status: Allowed
	Call Order In Log: 1
	-------------------- Event Data --------------------
	{
    CallOrderInLog = 1,
    DataFromHook = {
        IsExecutor = false,
        Arguments = {
            Vector3.new(1159.7172851562, 892.09161376953, -597.75592041016),
            workspace:WaitForChild("Map"):WaitForChild("MainObjects"):WaitForChild("TREES"):WaitForChild("TreeType2s"):GetChildren()[31]:WaitForChild("MeshPart"),
            n = 2
        },
        CreationTime = 1783365161.9123,
        Origin = game:GetService("Players").LocalPlayer:WaitForChild("PlayerScripts"):WaitForChild("mouseUpdater")
    },
    EventType = "Outgoing",
    RemoteInstanceInfo = {
        Path = "game:GetService(\"ReplicatedStorage\"):WaitForChild(\"Logic\"):WaitForChild(\"updateMouse\")",
        Name = "updateMouse",
        ClassName = "RemoteEvent"
    }
}
	-------------------- Generated Code --------------------
	local Event = game:GetService("ReplicatedStorage"):WaitForChild("Logic"):WaitForChild("updateMouse")
Event:FireServer(
    Vector3.new(1159.7172851562, 892.09161376953, -597.75592041016),
    workspace:WaitForChild("Map"):WaitForChild("MainObjects"):WaitForChild("TREES"):WaitForChild("TreeType2s"):GetChildren()[31]:WaitForChild("MeshPart")
)
2026-07-06T12:12:420.960Z,0.736832,Incoming:receivejoints,INFO Instance: receivejoints (RemoteEvent)
	Path: game:GetService("ReplicatedStorage"):WaitForChild("Logic"):WaitForChild("receivejoints")
	Status: Allowed
	Call Order In Log: 1
	-------------------- Event Data --------------------
	{
    CallOrderInLog = 1,
    DataFromHook = {
        Function = function(arg1, arg2, arg3, arg4, arg5)
            -- Name: Anonymous Function | Line: 104
            -- Upvalues: 1
            -- Function Hash: 624a2a050cf657f02ccaf7a3086d6e14cf45cecf92e38c9f7d029e9aab00e53715470d807a0b5b31e5d215ac4fadf106
            -- LuaEncode: Unable to serialize function
            return
        end,
        Arguments = {
            game:GetService("Players"):WaitForChild("moaidashuaige"),
            {
                CFrame.new(1.4203037148771e-38, -1.3792991994737e-38, -1.4047135688122e-38, -1.0000002384186, 0, 0, 0, -1.1920928955078e-07, 1.0000001192093, 0, 1.0000001192093, -1.1920928955078e-07),
                CFrame.new(0, 1, 0, -1.0000002384186, 0, 0, 0, -1.1920928955078e-07, 1.0000001192093, 0, 1.0000001192093, -1.1920928955078e-07),
                CFrame.new(-1, 0.5, -1.3482581964114e-38, -1.1920928955078e-07, 0, -1.0000001192093, 0, 1, 0, 1.0000001192093, 0, -1.1920928955078e-07),
                CFrame.new(1, 0.5, -1.3721136212083e-38, -1.1920928955078e-07, 0, 1.0000001192093, 0, 1, 0, -1.0000001192093, 0, -1.1920928955078e-07),
                CFrame.new(-1, -1, -5.3885688092575e-38, -1.1920928955078e-07, 0, -1.0000001192093, 0, 1, 0, 1.0000001192093, 0, -1.1920928955078e-07),
                CFrame.new(1, -1, 1.4329284331317e-38, -1.1920928955078e-07, 0, 1.0000001192093, 0, 1, 0, -1.0000001192093, 0, -1.1920928955078e-07)
            },
            n = 5
        },
        Origin = game:GetService("Players").LocalPlayer:WaitForChild("PlayerScripts"):WaitForChild("globalEvents"),
        IsExecutor = false,
        CreationTime = 1783365161.9575
    },
    EventType = "Incoming",
    RemoteInstanceInfo = {
        Path = "game:GetService(\"ReplicatedStorage\"):WaitForChild(\"Logic\"):WaitForChild(\"receivejoints\")",
        Name = "receivejoints",
        ClassName = "RemoteEvent"
    }
}
	-------------------- Generated Code --------------------
	local Event = game:GetService("ReplicatedStorage"):WaitForChild("Logic"):WaitForChild("receivejoints")
firesignal(Event.OnClientEvent, 
    game:GetService("Players"):WaitForChild("moaidashuaige"),
    {
        CFrame.new(1.4203037148771e-38, -1.3792991994737e-38, -1.4047135688122e-38, -1.0000002384186, 0, 0, 0, -1.1920928955078e-07, 1.0000001192093, 0, 1.0000001192093, -1.1920928955078e-07),
        CFrame.new(0, 1, 0, -1.0000002384186, 0, 0, 0, -1.1920928955078e-07, 1.0000001192093, 0, 1.0000001192093, -1.1920928955078e-07),
        CFrame.new(-1, 0.5, -1.3482581964114e-38, -1.1920928955078e-07, 0, -1.0000001192093, 0, 1, 0, 1.0000001192093, 0, -1.1920928955078e-07),
        CFrame.new(1, 0.5, -1.3721136212083e-38, -1.1920928955078e-07, 0, 1.0000001192093, 0, 1, 0, -1.0000001192093, 0, -1.1920928955078e-07),
        CFrame.new(-1, -1, -5.3885688092575e-38, -1.1920928955078e-07, 0, -1.0000001192093, 0, 1, 0, 1.0000001192093, 0, -1.1920928955078e-07),
        CFrame.new(1, -1, 1.4329284331317e-38, -1.1920928955078e-07, 0, 1.0000001192093, 0, 1, 0, -1.0000001192093, 0, -1.1920928955078e-07)
    },
    nil,
    nil,
    nil
)
2026-07-06T12:12:420.968Z,0.744974,Incoming:LightingRemote,INFO Instance: LightingRemote (RemoteEvent)
	Path: game:GetService("ReplicatedStorage"):WaitForChild("LightingStorage"):WaitForChild("LightingRemote")
	Status: Allowed
	Call Order In Log: 1
	-------------------- Event Data --------------------
	{
    CallOrderInLog = 1,
    DataFromHook = {
        Function = function(arg1)
            -- Name: Anonymous Function | Line: 15
            -- Upvalues: 1
            -- Function Hash: 55f2c76cd3584485b5b006ae7874980d47faf2151adbbd33397a412675aef488ea111a2c7931054d759d41da0f5df96b
            -- LuaEncode: Unable to serialize function
            return
        end,
        Arguments = {
            {
                season = "summer",
                settime = 120.62026707115,
                lightning = 0,
                events = {},
                rain = 0,
                cloudcoverage = 0.0090964699470092,
                windspeed = Vector3.new(1, 0, 1),
                clocktime = 1.2062026707115,
                clouds = {}
            },
            n = 1
        },
        Origin = game:GetService("Players").LocalPlayer:WaitForChild("PlayerScripts"):WaitForChild("LightingHandler"),
        IsExecutor = false,
        CreationTime = 1783365161.9663
    },
    EventType = "Incoming",
    RemoteInstanceInfo = {
        Path = "game:GetService(\"ReplicatedStorage\"):WaitForChild(\"LightingStorage\"):WaitForChild(\"LightingRemote\")",
        Name = "LightingRemote",
        ClassName = "RemoteEvent"
    }
}
	-------------------- Generated Code --------------------
	local Event = game:GetService("ReplicatedStorage"):WaitForChild("LightingStorage"):WaitForChild("LightingRemote")
firesignal(Event.OnClientEvent, 
    {
        season = "summer",
        settime = 120.62026707115,
        lightning = 0,
        events = {},
        rain = 0,
        cloudcoverage = 0.0090964699470092,
        windspeed = Vector3.new(1, 0, 1),
        clocktime = 1.2062026707115,
        clouds = {}
    }
)
2026-07-06T12:12:420.971Z,0.748762,Incoming:receivejoints,INFO Instance: receivejoints (RemoteEvent)
	Path: game:GetService("ReplicatedStorage"):WaitForChild("Logic"):WaitForChild("receivejoints")
	Status: Allowed
	Call Order In Log: 2
	-------------------- Event Data --------------------
	{
    CallOrderInLog = 2,
    DataFromHook = {
        Function = function(arg1, arg2, arg3, arg4, arg5)
            -- Name: Anonymous Function | Line: 104
            -- Upvalues: 1
            -- Function Hash: ea6896652479d90c00b7f561e70b36fa7ba90614363db4dcb99285d8122464c750b34e995efef73aa74902c129e500ac
            -- LuaEncode: Unable to serialize function
            return
        end,
        Arguments = {
            game:GetService("Players").LocalPlayer,
            {
                CFrame.new(0, 0, 0, -1.0000002384186, 0, 0, 0, -1.1920928955078e-07, 1.0000001192093, 0, 1.0000001192093, -1.1920928955078e-07),
                CFrame.new(0, 1, 0, -1.0000002384186, 0, 0, 0, -1.1920928955078e-07, 1.0000001192093, 0, 1.0000001192093, -1.1920928955078e-07),
                CFrame.new(-1, 0.5, 0, -1.1920928955078e-07, 0, -1.0000001192093, 0, 1, 0, 1.0000001192093, 0, -1.1920928955078e-07),
                CFrame.new(1.0000004768372, 0.50000023841858, 7.9700484633003e-37, -1.1920928955078e-07, 0, 1.0000001192093, 0, 1, 0, -1.0000001192093, 0, -1.1920928955078e-07),
                CFrame.new(-1, -0.99999976158142, -2.6977891221637e-24, -1.1920928955078e-07, 0, -1.0000001192093, 0, 1, 0, 1.0000001192093, 0, -1.1920928955078e-07),
                CFrame.new(1, -1, 0, -1.1920928955078e-07, 0, 1.0000001192093, 0, 1, 0, -1.0000001192093, 0, -1.1920928955078e-07)
            },
            n = 5
        },
        Origin = game:GetService("Players").LocalPlayer:WaitForChild("PlayerScripts"):WaitForChild("globalEvents"),
        IsExecutor = true,
        CreationTime = 1783365161.9693
    },
    EventType = "Incoming",
    RemoteInstanceInfo = {
        Path = "game:GetService(\"ReplicatedStorage\"):WaitForChild(\"Logic\"):WaitForChild(\"receivejoints\")",
        Name = "receivejoints",
        ClassName = "RemoteEvent"
    }
}
	-------------------- Generated Code --------------------
	local Event = game:GetService("ReplicatedStorage"):WaitForChild("Logic"):WaitForChild("receivejoints")
firesignal(Event.OnClientEvent, 
    game:GetService("Players").LocalPlayer,
    {
        CFrame.new(0, 0, 0, -1.0000002384186, 0, 0, 0, -1.1920928955078e-07, 1.0000001192093, 0, 1.0000001192093, -1.1920928955078e-07),
        CFrame.new(0, 1, 0, -1.0000002384186, 0, 0, 0, -1.1920928955078e-07, 1.0000001192093, 0, 1.0000001192093, -1.1920928955078e-07),
        CFrame.new(-1, 0.5, 0, -1.1920928955078e-07, 0, -1.0000001192093, 0, 1, 0, 1.0000001192093, 0, -1.1920928955078e-07),
        CFrame.new(1.0000004768372, 0.50000023841858, 7.9700484633003e-37, -1.1920928955078e-07, 0, 1.0000001192093, 0, 1, 0, -1.0000001192093, 0, -1.1920928955078e-07),
        CFrame.new(-1, -0.99999976158142, -2.6977891221637e-24, -1.1920928955078e-07, 0, -1.0000001192093, 0, 1, 0, 1.0000001192093, 0, -1.1920928955078e-07),
        CFrame.new(1, -1, 0, -1.1920928955078e-07, 0, 1.0000001192093, 0, 1, 0, -1.0000001192093, 0, -1.1920928955078e-07)
    },
    nil,
    nil,
    nil
)
2026-07-06T12:12:420.977Z,0.754291,Incoming:rockframe,INFO Instance: rockframe (RemoteEvent)
	Path: game:GetService("ReplicatedStorage"):WaitForChild("rockframe")
	Status: Allowed
	Call Order In Log: 1
	-------------------- Event Data --------------------
	{
    CallOrderInLog = 1,
    DataFromHook = {
        Function = function(arg1, arg2, arg3)
            -- Name: Anonymous Function | Line: 289
            -- Upvalues: 1
            -- Function Hash: a6455e2edb5ba98335a30595e95135bfab687445ac8c5e21ad7446f7bc53e1e8712a4e46b0c3d0102638aaf915459bb9
            -- LuaEncode: Unable to serialize function
            return
        end,
        Arguments = {
            game:GetService("Players"):WaitForChild("conpunzi3"),
            {
                workspace:WaitForChild("conpunzi3"):WaitForChild("Head"):WaitForChild("Container"):WaitForChild("gerock1"),
                workspace:WaitForChild("conpunzi3"):WaitForChild("Head"):WaitForChild("Container"):WaitForChild("gerock2"),
                workspace:WaitForChild("conpunzi3"):WaitForChild("Head"):WaitForChild("Container"):WaitForChild("gerock3")
            },
            {
                CFrame.new(1667.9359130859, 873.32696533203, -581.80871582031, 0.33077526092529, -0.64421439170837, -0.68961989879608, 0.66740655899048, 0.67633128166199, -0.31168001890182, 0.66720020771027, -0.35716080665588, 0.65366661548615),
                CFrame.new(1530.1225585938, 876.87072753906, -678.07348632812, 0.6245282292366, 0.77730047702789, -0.075950771570206, -0.0026289820671082, -0.095155000686646, -0.99545907974243, -0.7809978723526, 0.62189197540283, -0.05738353729248),
                CFrame.new(1664.9083251953, 875.74255371094, -577.19250488281, -0.099692821502686, -0.49272236227989, -0.86445713043213, -0.65067386627197, 0.68956506252289, -0.31799921393394, 0.75278472900391, 0.53077745437622, -0.38934624195099)
            },
            n = 3
        },
        Origin = game:GetService("Players").LocalPlayer.Character:WaitForChild("ClientHandler"),
        IsExecutor = false,
        CreationTime = 1783365161.9733
    },
    EventType = "Incoming",
    RemoteInstanceInfo = {
        Path = "game:GetService(\"ReplicatedStorage\"):WaitForChild(\"rockframe\")",
        Name = "rockframe",
        ClassName = "RemoteEvent"
    }
}
	-------------------- Generated Code --------------------
	local Event = game:GetService("ReplicatedStorage"):WaitForChild("rockframe")
firesignal(Event.OnClientEvent, 
    game:GetService("Players"):WaitForChild("conpunzi3"),
    {
        workspace:WaitForChild("conpunzi3"):WaitForChild("Head"):WaitForChild("Container"):WaitForChild("gerock1"),
        workspace:WaitForChild("conpunzi3"):WaitForChild("Head"):WaitForChild("Container"):WaitForChild("gerock2"),
        workspace:WaitForChild("conpunzi3"):WaitForChild("Head"):WaitForChild("Container"):WaitForChild("gerock3")
    },
    {
        CFrame.new(1667.9359130859, 873.32696533203, -581.80871582031, 0.33077526092529, -0.64421439170837, -0.68961989879608, 0.66740655899048, 0.67633128166199, -0.31168001890182, 0.66720020771027, -0.35716080665588, 0.65366661548615),
        CFrame.new(1530.1225585938, 876.87072753906, -678.07348632812, 0.6245282292366, 0.77730047702789, -0.075950771570206, -0.0026289820671082, -0.095155000686646, -0.99545907974243, -0.7809978723526, 0.62189197540283, -0.05738353729248),
        CFrame.new(1664.9083251953, 875.74255371094, -577.19250488281, -0.099692821502686, -0.49272236227989, -0.86445713043213, -0.65067386627197, 0.68956506252289, -0.31799921393394, 0.75278472900391, 0.53077745437622, -0.38934624195099)
    }
)
2026-07-06T12:12:420.984Z,0.760904,Incoming:receivejoints,INFO Instance: receivejoints (RemoteEvent)
	Path: game:GetService("ReplicatedStorage"):WaitForChild("Logic"):WaitForChild("receivejoints")
	Status: Allowed
	Call Order In Log: 3
	-------------------- Event Data --------------------
	{
    CallOrderInLog = 3,
    DataFromHook = {
        Function = function(arg1, arg2, arg3, arg4, arg5)
            -- Name: Anonymous Function | Line: 104
            -- Upvalues: 1
            -- Function Hash: ea6896652479d90c00b7f561e70b36fa7ba90614363db4dcb99285d8122464c750b34e995efef73aa74902c129e500ac
            -- LuaEncode: Unable to serialize function
            return
        end,
        Arguments = {
            game:GetService("Players"):WaitForChild("conpunzi3"),
            {
                CFrame.new(-3.104840273771e-10, -0.23029039800167, 0, -0.99990701675415, -1.0333955287933e-05, -0.013671571388841, -0.013429292477667, 0.18816995620728, 0.98204481601715, 0.0025624334812164, 0.9821366071701, -0.18815302848816),
                CFrame.new(0, 1, 0, -1, 0, 0, 0, -0.050496578216553, 0.99872422218323, 0, 0.99872422218323, 0.050496518611908),
                CFrame.new(-1, 0.5, 0, 0.10173410177231, 0.12732161581516, -0.98663032054901, 0.58416086435318, 0.79513394832611, 0.16284401714802, 0.80523681640625, -0.59291762113571, 0.0065159201622009),
                CFrame.new(1, 0.5, 1.6012152702571e-38, -0.10173416137695, -0.12732161581516, 0.98663032054901, 0.58416086435318, 0.79513394832611, 0.16284401714802, -0.80523681640625, 0.59291762113571, -0.0065159797668457),
                CFrame.new(-1.0212419033051, -0.50456166267395, -0.36531534790993, -0.06689989566803, 0.0077112019062042, -0.99772983789444, -0.51721787452698, 0.85485732555389, 0.041287496685982, 0.85323506593704, 0.51880586147308, -0.05320143699646),
                CFrame.new(1.0212419033051, -1.295438170433, 0.31970596313477, 0.065860152244568, -0.0023400783538818, 0.99782603979111, -0.58152651786804, 0.81252920627594, 0.040288358926773, -0.81085711717606, -0.58291578292847, 0.052152454853058)
            },
            {
                CFrame.new(1665.7492675781, 875.08721923828, -580.80096435547, 0.20277106761932, -0, -0.97922617197037, 0, 1, -0, 0.97922617197037, 0, 0.20277106761932),
                CFrame.new(0, 1, 0, -0.99862861633301, -0.052353389561176, -3.31811606884e-05, 3.31811606884e-05, -0.0012667179107666, 0.99999922513962, -0.052353389561176, 0.99862784147263, 0.0012666583061218),
                CFrame.new(-1.0000009536743, 0.50000047683716, -3.5763207931143e-23, 0.03300017118454, 0.0367052257061, -0.99878108501434, -0.05349462479353, 0.99795782566071, 0.03490748628974, 0.99802267551422, 0.052277471870184, 0.034896314144135),
                CFrame.new(1.0000009536743, 0.50000047683716, 6.540502628269e-29, 0.066392660140991, -0.040791511535645, 0.99695944786072, 0.089520856738091, 0.99537801742554, 0.034765154123306, -0.99376964569092, 0.086940504610538, 0.069737434387207),
                CFrame.new(-1, -1.0899990797043, 1.3314937622334e-38, 0.19969141483307, 0.13248953223228, -0.97086054086685, -0.077220715582371, 0.98986285924911, 0.11919955909252, 0.97681146860123, 0.051167380064726, 0.20789802074432),
                CFrame.new(1, -1.0899988412857, 1.2575203373405e-38, -0.14443206787109, -0.077319741249084, 0.98648947477341, 0.057384818792343, 0.9946101307869, 0.086357951164246, -0.98784953355789, 0.069082349538803, -0.13921666145325)
            },
            workspace:WaitForChild("conpunzi3"):WaitForChild("Head"):WaitForChild("Container"):WaitForChild("Stand"):WaitForChild("Torso"),
            n = 5
        },
        Origin = game:GetService("Players").LocalPlayer:WaitForChild("PlayerScripts"):WaitForChild("globalEvents"),
        IsExecutor = true,
        CreationTime = 1783365161.9786
    },
    EventType = "Incoming",
    RemoteInstanceInfo = {
        Path = "game:GetService(\"ReplicatedStorage\"):WaitForChild(\"Logic\"):WaitForChild(\"receivejoints\")",
        Name = "receivejoints",
        ClassName = "RemoteEvent"
    }
}
	-------------------- Generated Code --------------------
	local Event = game:GetService("ReplicatedStorage"):WaitForChild("Logic"):WaitForChild("receivejoints")
firesignal(Event.OnClientEvent, 
    game:GetService("Players"):WaitForChild("conpunzi3"),
    {
        CFrame.new(-3.104840273771e-10, -0.23029039800167, 0, -0.99990701675415, -1.0333955287933e-05, -0.013671571388841, -0.013429292477667, 0.18816995620728, 0.98204481601715, 0.0025624334812164, 0.9821366071701, -0.18815302848816),
        CFrame.new(0, 1, 0, -1, 0, 0, 0, -0.050496578216553, 0.99872422218323, 0, 0.99872422218323, 0.050496518611908),
        CFrame.new(-1, 0.5, 0, 0.10173410177231, 0.12732161581516, -0.98663032054901, 0.58416086435318, 0.79513394832611, 0.16284401714802, 0.80523681640625, -0.59291762113571, 0.0065159201622009),
        CFrame.new(1, 0.5, 1.6012152702571e-38, -0.10173416137695, -0.12732161581516, 0.98663032054901, 0.58416086435318, 0.79513394832611, 0.16284401714802, -0.80523681640625, 0.59291762113571, -0.0065159797668457),
        CFrame.new(-1.0212419033051, -0.50456166267395, -0.36531534790993, -0.06689989566803, 0.0077112019062042, -0.99772983789444, -0.51721787452698, 0.85485732555389, 0.041287496685982, 0.85323506593704, 0.51880586147308, -0.05320143699646),
        CFrame.new(1.0212419033051, -1.295438170433, 0.31970596313477, 0.065860152244568, -0.0023400783538818, 0.99782603979111, -0.58152651786804, 0.81252920627594, 0.040288358926773, -0.81085711717606, -0.58291578292847, 0.052152454853058)
    },
    {
        CFrame.new(1665.7492675781, 875.08721923828, -580.80096435547, 0.20277106761932, -0, -0.97922617197037, 0, 1, -0, 0.97922617197037, 0, 0.20277106761932),
        CFrame.new(0, 1, 0, -0.99862861633301, -0.052353389561176, -3.31811606884e-05, 3.31811606884e-05, -0.0012667179107666, 0.99999922513962, -0.052353389561176, 0.99862784147263, 0.0012666583061218),
        CFrame.new(-1.0000009536743, 0.50000047683716, -3.5763207931143e-23, 0.03300017118454, 0.0367052257061, -0.99878108501434, -0.05349462479353, 0.99795782566071, 0.03490748628974, 0.99802267551422, 0.052277471870184, 0.034896314144135),
        CFrame.new(1.0000009536743, 0.50000047683716, 6.540502628269e-29, 0.066392660140991, -0.040791511535645, 0.99695944786072, 0.089520856738091, 0.99537801742554, 0.034765154123306, -0.99376964569092, 0.086940504610538, 0.069737434387207),
        CFrame.new(-1, -1.0899990797043, 1.3314937622334e-38, 0.19969141483307, 0.13248953223228, -0.97086054086685, -0.077220715582371, 0.98986285924911, 0.11919955909252, 0.97681146860123, 0.051167380064726, 0.20789802074432),
